[
  [
    5,
    "^(max_8|9|8|6|5|7|11|10|4|1|3|min_1|2)$",
    "Subtask 1"
  ],
  [
    8,
    "^(max_8|56|58|sample2|14|39|sample1|23|32|41|18|19|13|30|60|20|61|24|47|45|16|48|34|15|31|38|33|27|28|42|50|53|49|55|12|26|36|25|min_1|44|29|57|46|17|52|21|35|22|37|40|54|51|43|59)$",
    "Subtask 2"
  ],
  [
    28,
    "^(max_8|56|58|sample2|14|76|79|63|39|sample1|23|62|32|82|41|18|19|13|64|30|60|66|20|61|24|90|47|45|16|74|68|84|71|48|34|15|78|31|75|67|88|91|38|86|33|27|28|42|87|50|53|49|55|77|12|26|36|25|89|min_1|72|44|29|57|46|17|52|21|35|65|22|80|85|37|40|54|73|51|69|83|70|81|43|59)$",
    "Subtask 3"
  ],
  [
    39,
    "^(max_8|56|58|sample2|96|14|76|79|63|39|sample1|23|62|103|32|82|41|18|19|13|64|97|30|60|66|20|94|61|24|90|47|95|45|16|74|68|84|71|48|34|101|15|78|31|75|67|88|91|38|86|33|99|27|28|42|87|102|50|53|49|55|77|12|26|36|100|98|25|89|min_1|72|44|29|57|46|17|52|21|35|65|22|80|92|85|37|40|54|73|51|69|83|70|81|93|43|59)$",
    "Subtask 4"
  ],
  [
    20,
    "^(max_8|56|58|107|sample2|96|14|76|79|63|109|39|104|sample1|9|23|62|103|32|82|41|18|19|13|64|97|30|60|66|20|8|94|6|61|24|90|47|95|45|16|74|108|68|5|7|84|11|71|48|34|101|15|78|31|75|10|4|67|88|91|38|86|33|99|106|27|28|42|87|102|50|53|49|55|77|12|26|1|36|100|98|25|3|89|min_1|72|44|105|29|57|46|17|52|21|2|35|65|22|80|92|85|37|40|54|73|51|69|83|70|81|93|43|59)$",
    "Subtask 5"
  ]
]
